27.00 12.00 12.00
43.00 23.00 34.00
5.00 5.00 33.00
23.00 45.00 34.00
45.00 45.00 55.00
19.00 19.00 19.00
83.00 34.00 14.00
15.00 16.00 17.00
13.00 14.00 11.00
14.00 21.00 24.00
24.00 35.00 46.00
47.00 57.00 35.00
34.00 75.00 75.00
57.00 46.00 54.00
45.00 75.00 32.00
23.00 54.00 4.00
3.00 1.00 2.00
3.00 4.00 5.00
3.00 6.00 7.00
67.00 8.00 7.00
25.00 26.00 27.00
37.00 36.00 35.00
35.00 24.00 252.00
18.00 18.00 17.00
16.00 16.00 27.00
17.00 19.00 18.00
19.00 18.00 17.00
16.00 17.00 18.00
18.00 18.00 19.00
10.00 19.00 10.00
